{
  "analysis_file": "fixed_network_analysis_1754283713924_binary_analysis.json",
  "timestamp": "2025-08-04T00:08:16.499623",
  "animation_sequence": {
    "total_frames": 37,
    "start_time": "2025-08-04T05:01:20.904Z",
    "end_time": "2025-08-04T05:01:42.038Z",
    "frames": [
      {
        "timestamp": "2025-08-04T05:01:20.904Z",
        "bone_count": 0,
        "quaternion_count": 0,
        "position_count": 3,
        "quaternions": [],
        "positions": [
          {
            "bone_index": 0,
            "data": {
              "position": [
                -0.0028780000284314156,
                0.8688380122184753,
                0.038694001734256744
              ],
              "magnitude": 0.869703972699979,
              "distance_from_origin": 0.869703972699979
            }
          },
          {
            "bone_index": 1,
            "data": {
              "position": [
                -0.0029609999619424343,
                0.8687840104103088,
                0.038989000022411346
              ],
              "magnitude": 0.8696634788170318,
              "distance_from_origin": 0.8696634788170318
            }
          },
          {
            "bone_index": 2,
            "data": {
              "position": [
                -0.0030539999715983868,
                0.8687340617179871,
                0.03926900029182434
              ],
              "magnitude": 0.8696265010271808,
              "distance_from_origin": 0.8696265010271808
            }
          }
        ]
      },
      {
        "timestamp": "2025-08-04T05:01:20.905Z",
        "bone_count": 702,
        "quaternion_count": 8,
        "position_count": 0,
        "quaternions": [
          {
            "bone_index": 0,
            "data": {
              "quaternion": [
                -0.009519509085609995,
                -0.03685078415119196,
                -0.005605389856688081,
                0.9992597151185301
              ],
              "euler_angles_rad": [
                -0.01866370930823811,
                -0.07382075875704969,
                -0.010529749776718195
              ],
              "euler_angles_deg": [
                -1.069351773421073,
                -4.22961791723236,
                -0.6033102215347735
              ],
              "rotation_matrix": [
                [
                  0.9972211986239936,
                  0.01190408329172311,
                  -0.07354028702629078
                ],
                [
                  -0.01050087779356661,
                  0.9997559171026471,
                  0.01943804989729399
                ],
                [
                  0.07375372926496729,
                  -0.018611797850525618,
                  0.9971027973084226
                ]
              ],
              "magnitude": 0.9999999951897987
            }
          },
          {
            "bone_index": 1,
            "data": {
              "quaternion": [
                -0.010677655346005434,
                -0.03638271655294376,
                -0.005555100335003148,
                0.9992654434497412
              ],
              "euler_angles_rad": [
                -0.02099269226487897,
                -0.0728951537290449,
                -0.010352753378223034
              ],
              "euler_angles_deg": [
                -1.2027926673944942,
                -4.176584655631597,
                -0.5931690749119851
              ],
              "rotation_matrix": [
                [
                  0.9972908775929924,
                  0.011879003815136934,
                  -0.0725933518867879
                ],
                [
                  -0.010325075383521972,
                  0.99971025707316,
                  0.021743843290482404
                ],
                [
                  0.07283061367394647,
                  -0.02093540472683607,
                  0.9971245712250801
                ]
              ],
              "magnitude": 0.9999999888998932
            }
          },
          {
            "bone_index": 0,
            "data": {
              "quaternion": [
                0.0001573773960651383,
                0.0008732332747190726,
                0.0024877971280309044,
                0.9999965117746425
              ],
              "euler_angles_rad": [
                0.0003190990402857719,
                0.0017456782979291003,
                0.0049758798693808485
              ],
              "euler_angles_deg": [
                0.01828302825504976,
                0.10001999885891856,
                0.28509691587963
              ],
              "rotation_matrix": [
                [
                  0.9999860966581954,
                  -0.004975302045709891,
                  0.0017472435034371374
                ],
                [
                  0.004975851754425622,
                  0.99998757219561,
                  -0.0003104088397287351
                ],
                [
                  -0.001745677411301346,
                  0.00031909854866052356,
                  0.9999984253920063
                ]
              ],
              "magnitude": 0.9999999715512164
            }
          },
          {
            "bone_index": 1,
            "data": {
              "quaternion": [
                0.0006765053097038169,
                0.000775237607453327,
                0.0023800681243556997,
                0.9999966383058203
              ],
              "euler_angles_rad": [
                0.001356698347789012,
                0.001547250362584595,
                0.004761192838916609
              ],
              "euler_angles_deg": [
                0.07773308940068231,
                0.08865091562618363,
                0.2727962551178325
              ],
              "rotation_matrix": [
                [
                  0.9999874685647507,
                  -0.004759071341873629,
                  0.0015536902601303152
                ],
                [
                  0.004761169151304526,
                  0.9999877552325787,
                  -0.0013493158343631066
                ],
                [
                  -0.0015472497452359815,
                  0.0013566963076363124,
                  0.9999978826944358
                ]
              ],
              "magnitude": 1.0000000238341524
            }
          },
          {
            "bone_index": 0,
            "data": {
              "quaternion": [
                0.0003148022497497507,
                0.0017465582251867092,
                0.00497558849854407,
                0.9999860468791566
              ],
              "euler_angles_rad": [
                0.0006469800097279027,
                0.003489942141992625,
                0.009952362690661007
              ],
              "euler_angles_deg": [
                0.03706922398674177,
                0.1999589554810237,
                0.5702283783583397
              ],
              "rotation_matrix": [
                [
                  0.9999443861069184,
                  -0.00994993850619575,
                  0.0034962003634038076
                ],
                [
                  0.009952137788030183,
                  0.9999502888372734,
                  -0.0006122154045172833
                ],
                [
                  -0.003489935057591125,
                  0.0006469760245863894,
                  0.9999937008678191
                ]
              ],
              "magnitude": 1.0000000056340446
            }
          },
          {
            "bone_index": 1,
            "data": {
              "quaternion": [
                0.0013530073082104249,
                0.0015503714467483875,
                0.004760110399822888,
                0.9999865534438863
              ],
              "euler_angles_rad": [
                0.002720754435783475,
                0.003087825177759522,
                0.009524477521460536
              ],
              "euler_angles_deg": [
                0.15588774626189067,
                0.1769193505598538,
                0.5457123640469117
              ],
              "rotation_matrix": [
                [
                  0.9999498753947171,
                  -0.009515897457666797,
                  0.0031135821275011613
                ],
                [
                  0.009524288113258362,
                  0.9999510214404108,
                  -0.0026912183513489547
                ],
                [
                  -0.003087820270865766,
                  0.002720738108337977,
                  0.999991531439202
                ]
              ],
              "magnitude": 0.9999999759060705
            }
          },
          {
            "bone_index": 0,
            "data": {
              "quaternion": [
                -1.745329214486446e-08,
                -1.5230871324982976e-16,
                8.72664607243223e-09,
                0.9999999999999998
              ],
              "euler_angles_rad": [
                -3.490658428972892e-08,
                -1.980567200100703e-23,
                1.7453292144864463e-08
              ],
              "euler_angles_deg": [
                -1.9999999570191316e-06,
                -1.1347814160781268e-21,
                9.99999978509566e-07
              ],
              "rotation_matrix": [
                [
                  0.9999999999999999,
                  -1.745329214486445e-08,
                  -6.092348331936469e-16
                ],
                [
                  1.7453292144864463e-08,
                  0.9999999999999993,
                  3.490658428972891e-08
                ],
                [
                  1.980567200100703e-23,
                  -3.490658428972891e-08,
                  0.9999999999999994
                ]
              ],
              "magnitude": 1.0000000000000002
            }
          },
          {
            "bone_index": 1,
            "data": {
              "quaternion": [
                0.0,
                0.0,
                0.0,
                1.0
              ],
              "euler_angles_rad": [
                0.0,
                0.0,
                0.0
              ],
              "euler_angles_deg": [
                0.0,
                0.0,
                0.0
              ],
              "rotation_matrix": [
                [
                  1.0,
                  0.0,
                  0.0
                ],
                [
                  0.0,
                  1.0,
                  0.0
                ],
                [
                  0.0,
                  0.0,
                  1.0
                ]
              ],
              "magnitude": 1.0
            }
          }
        ],
        "positions": []
      },
      {
        "timestamp": "2025-08-04T05:01:20.906Z",
        "bone_count": 702,
        "quaternion_count": 8,
        "position_count": 0,
        "quaternions": [
          {
            "bone_index": 0,
            "data": {
              "quaternion": [
                0.054227503649898104,
                0.013837068027985934,
                0.00128752164883491,
                0.9984318983707867
              ],
              "euler_angles_rad": [
                0.10857472124652123,
                0.02749456598888442,
                0.004073255435402374
              ],
              "euler_angles_deg": [
                6.220873289235056,
                1.575322590707014,
                0.23338034532727858
              ],
              "rotation_matrix": [
                [
                  0.9996137556727853,
                  -0.001070306054096458,
                  0.027770378367958464
                ],
                [
                  0.00407170468206244,
                  0.9941154402718081,
                  -0.1082493077768682
                ],
                [
                  -0.027491102028312394,
                  0.10832056987543792,
                  0.9937358267925783
                ]
              ],
              "magnitude": 1.0000000226700112
            }
          },
          {
            "bone_index": 1,
            "data": {
              "quaternion": [
                0.056148145979564225,
                0.014030791045635416,
                0.001682671387985393,
                0.9983224385050611
              ],
              "euler_angles_rad": [
                0.11243531625829714,
                0.02782914126302491,
                0.004937234789742302
              ],
              "euler_angles_deg": [
                6.442069089819073,
                1.5944923418446966,
                0.28288271591739433
              ],
              "rotation_matrix": [
                [
                  0.9996006110392676,
                  -0.0017840913988343464,
                  0.02820346481912393
                ],
                [
                  0.004935303014190746,
                  0.9936891086401152,
                  -0.11206068960242681
                ],
                [
                  -0.02782554930421097,
                  0.11215512644499999,
                  0.9933010452113825
                ]
              ],
              "magnitude": 0.9999999887488611
            }
          },
          {
            "bone_index": 0,
            "data": {
              "quaternion": [
                0.034439641983268564,
                0.030399035663252593,
                0.01775722391952465,
                0.9987865090646151
              ],
              "euler_angles_rad": [
                0.07005661835732806,
                0.05953635418625343,
                0.03764077785444369
              ],
              "euler_angles_deg": [
                4.013948558833624,
                3.411181822468352,
                2.1566577086491177
              ],
              "rotation_matrix": [
                [
                  0.9975211592588323,
                  -0.033377487568763346,
                  0.06194739828687191
                ],
                [
                  0.03756521518827948,
                  0.9969971841174723,
                  -0.06771609461338794
                ],
                [
                  -0.05950118854925126,
                  0.06987530454622791,
                  0.9957796193816172
                ]
              ],
              "magnitude": 0.9999999999723692
            }
          },
          {
            "bone_index": 1,
            "data": {
              "quaternion": [
                0.036538064797196554,
                0.030919941410771222,
                0.0190965125133316,
                0.9986712423284544
              ],
              "euler_angles_rad": [
                0.07436394982347068,
                0.06039892953998333,
                0.0404866508919011
              ],
              "euler_angles_deg": [
                4.260740472807493,
                3.4606037497490796,
                2.319714222725503
              ],
              "rotation_matrix": [
                [
                  0.9973585608659653,
                  -0.03588276610607493,
                  0.06315321182606101
                ],
                [
                  0.040401785397244046,
                  0.9966005860614081,
                  -0.07179810303046315
                ],
                [
                  -0.06036221337961067,
                  0.07415995522271225,
                  0.9954178540880607
                ]
              ],
              "magnitude": 0.9999999913140263
            }
          },
          {
            "bone_index": 0,
            "data": {
              "quaternion": [
                1.8866484069874773e-05,
                0.00791727029720061,
                -0.006919597013398974,
                0.9999447162979906
              ],
              "euler_angles_rad": [
                -7.184676477731095e-05,
                0.01583458800308133,
                -0.013840307087199069
              ],
              "euler_angles_deg": [
                -0.004116516393409098,
                0.9072550629050464,
                -0.7929911832615085
              ],
              "rotation_matrix": [
                [
                  0.9997788720164265,
                  0.0138387276870272,
                  0.0158334041054439
                ],
                [
                  -0.013838130202811444,
                  0.9999042376424558,
                  -0.00014729952192714648
                ],
                [
                  -0.015833926299311192,
                  -7.183775768398052e-05,
                  0.9998746329501937
                ]
              ],
              "magnitude": 0.9999999705900319
            }
          },
          {
            "bone_index": 1,
            "data": {
              "quaternion": [
                9.996639319709315e-06,
                0.007789984466419079,
                -0.007490438991141803,
                0.999941602977794
              ],
              "euler_angles_rad": [
                -9.672043413977272e-05,
                0.015579839145827121,
                -0.014982226116270182
              ],
              "euler_angles_deg": [
                -0.0055416726688820184,
                0.8926590285485996,
                -0.85841832417296
              ],
              "rotation_matrix": [
                [
                  0.9997664189314658,
                  0.014980158890949443,
                  0.015578909350612537
                ],
                [
                  -0.014979847396289374,
                  0.9998877864475744,
                  -0.00013669291786679084
                ],
                [
                  -0.0155792088674803,
                  -9.670869568382693e-05,
                  0.9998786320841603
                ]
              ],
              "magnitude": 0.9999999844694192
            }
          },
          {
            "bone_index": 0,
            "data": {
              "quaternion": [
                -0.021257949462073652,
                -0.020089292397021962,
                -0.6180140817781633,
                0.785622755932864
              ],
              "euler_angles_rad": [
                -0.008585004539047637,
                -0.05787293475120077,
                -1.3328527534040557
              ],
              "euler_angles_deg": [
                -0.49188452718808434,
                -3.315874909279799,
                -76.36683748244346
              ],
              "rotation_matrix": [
                [
                  0.23531003010976126,
                  0.9719059665887676,
                  -0.005289786280798951
                ],
                [
                  -0.9701977379387486,
                  0.23521338861712326,
                  0.058232388872388824
                ],
                [
                  0.057840634749959145,
                  -0.008570526495114559,
                  0.9982890398313098
                ]
              ],
              "magnitude": 1.0000000249761005
            }
          },
          {
            "bone_index": 1,
            "data": {
              "quaternion": [
                -0.020840744041186427,
                -0.019052450056797735,
                -0.6191850448570172,
                0.7847372475931396
              ],
              "euler_angles_rad": [
                -0.009129336949154526,
                -0.05573974716994415,
                -1.3357835546473633
              ],
              "euler_angles_deg": [
                -0.5230724769393934,
                -3.1936522639640743,
                -76.53476002427668
              ],
              "rotation_matrix": [
                [
                  0.23249376874449357,
                  0.9725892701738431,
                  -0.004093780366963156
                ],
                [
                  -0.9710010012338782,
                  0.2323510872264467,
                  0.05630300051945629
                ],
                [
                  0.055710888502945685,
                  -0.009115031947238752,
                  0.998405335069286
                ]
              ],
              "magnitude": 0.9999999767490193
            }
          }
        ],
        "positions": []
      },
      {
        "timestamp": "2025-08-04T05:01:20.907Z",
        "bone_count": 702,
        "quaternion_count": 12,
        "position_count": 0,
        "quaternions": [
          {
            "bone_index": 0,
            "data": {
              "quaternion": [
                0.14448053895712587,
                0.0008138866843989175,
                -0.0001113165253393446,
                0.9895073011654612
              ],
              "euler_angles_rad": [
                0.2899760770585573,
                0.0016428605152306508,
                1.488456458386011e-05
              ],
              "euler_angles_deg": [
                16.614405375215668,
                0.09412897385140419,
                0.0008528227305450828
              ],
              "rotation_matrix": [
                [
                  0.9999986503941922,
                  0.0004554786027512707,
                  0.0015785274899164305
                ],
                [
                  1.4884544496664528e-05,
                  0.9582507229425792,
                  -0.2859292775468692
                ],
                [
                  -0.0016428597762198826,
                  0.28592891515071833,
                  0.9582494229022467
                ]
              ],
              "magnitude": 1.0000000165512357
            }
          },
          {
            "bone_index": 1,
            "data": {
              "quaternion": [
                0.14481905505193868,
                0.0008148313726435469,
                -0.00011174555712799196,
                0.9894578135810682
              ],
              "euler_angles_rad": [
                0.2906603058184871,
                0.0016448490505028817,
                1.4871209677086275e-05
              ],
              "euler_angles_deg": [
                16.653608795381118,
                0.09424290852991592,
                0.0008520575507511514
              ],
              "rotation_matrix": [
                [
                  0.9999986471255292,
                  0.0004571412480923477,
                  0.0015801167648472325
                ],
                [
                  1.4871189559302622e-05,
                  0.958054857613588,
                  -0.2865848732607066
                ],
                [
                  -0.0016448483088053456,
                  0.28658450904556376,
                  0.9580535546873954
                ]
              ],
              "magnitude": 0.9999999722091771
            }
          },
          {
            "bone_index": 0,
            "data": {
              "quaternion": [
                -0.014559504950609679,
                0.057503698010494105,
                0.24502581988350525,
                0.9677002082882524
              ],
              "euler_angles_rad": [
                1.3188372168934545e-06,
                0.11870617856863604,
                0.49598439980340875
              ],
              "euler_angles_deg": [
                7.556380639277449e-05,
                6.801363034109149,
                28.41781281306458
              ],
              "rotation_matrix": [
                [
                  0.8733113446110679,
                  -0.47589752462626,
                  0.10415777180895763
                ],
                [
                  0.47254862312281143,
                  0.8795007368120183,
                  0.05635825344926727
                ],
                [
                  -0.118427590359442,
                  1.3095561519592402e-06,
                  0.9929626910614221
                ]
              ],
              "magnitude": 0.9999999742723199
            }
          },
          {
            "bone_index": 1,
            "data": {
              "quaternion": [
                -0.014511030898602034,
                0.05380717590773765,
                0.26002075909708733,
                0.9639934764518213
              ],
              "euler_angles_rad": [
                4.917750035540962e-06,
                0.11151686548254075,
                0.5269260130954573
              ],
              "euler_angles_deg": [
                0.0002817663217368077,
                6.3894457366777155,
                30.190636666024847
              ],
              "rotation_matrix": [
                [
                  0.8589879853188165,
                  -0.5028782262076129,
                  0.09619319458363781
                ],
                [
                  0.4997550358389581,
                  0.8643572696416686,
                  0.055959043694487245
                ],
                [
                  -0.11128587166178097,
                  4.887203114561922e-06,
                  0.9937884356061872
                ]
              ],
              "magnitude": 1.0000000137868752
            }
          },
          {
            "bone_index": 0,
            "data": {
              "quaternion": [
                0.0019063874077438583,
                0.021061426208066576,
                -0.28516984228884473,
                0.958243676244247
              ],
              "euler_angles_rad": [
                -0.00836588757349846,
                0.04146312482798526,
                -0.5786738151497933
              ],
              "euler_angles_deg": [
                -0.479330049842403,
                2.375662058067653,
                -33.155567322816715
              ],
              "rotation_matrix": [
                [
                  0.8364691547500751,
                  0.5466046985331338,
                  0.03927666856031378
                ],
                [
                  -0.5464440935822851,
                  0.837349053472014,
                  -0.015665734536149403
                ],
                [
                  -0.0414512453459448,
                  -0.008358599824380544,
                  0.9991055640262675
                ]
              ],
              "magnitude": 0.9999999914793377
            }
          },
          {
            "bone_index": 1,
            "data": {
              "quaternion": [
                0.003940499884321654,
                0.01962171696651233,
                -0.29108831515274186,
                0.9564868286941989
              ],
              "euler_angles_rad": [
                -0.0038883278646716347,
                0.039840433299485827,
                -0.5909278096644444
              ],
              "euler_angles_deg": [
                -0.22278477600880017,
                2.282688682033003,
                -33.85766949068268
              ],
              "rotation_matrix": [
                [
                  0.8297651620096482,
                  0.5569989176076406,
                  0.03524176072529554
                ],
                [
                  -0.5566896401138937,
                  0.8305041304843994,
                  -0.01896137754002144
                ],
                [
                  -0.0398298946140426,
                  -0.0038852325887227326,
                  0.9991989213678956
                ]
              ],
              "magnitude": 0.9999999921383368
            }
          },
          {
            "bone_index": 0,
            "data": {
              "quaternion": [
                2.0786274225666438e-08,
                1.6542149845949204e-07,
                -0.2278589329124907,
                0.9736941545947337
              ],
              "euler_angles_rad": [
                -3.490658482086292e-08,
                3.316125687171979e-07,
                -0.4597564074663637
              ],
              "euler_angles_deg": [
                -1.999999987450868e-06,
                1.9000000620987434e-05,
                -26.34210175191961
              ],
              "rotation_matrix": [
                [
                  0.8961606133839074,
                  0.44372982209817846,
                  3.1266721566004483e-07
                ],
                [
                  -0.4437298220981647,
                  0.8961606133839612,
                  -1.1586447965819934e-07
                ],
                [
                  -3.3161256871719184e-07,
                  -3.4906584820860995e-08,
                  0.9999999999999444
                ]
              ],
              "magnitude": 0.9999999908438807
            }
          },
          {
            "bone_index": 1,
            "data": {
              "quaternion": [
                3.2710147244136445e-08,
                1.7166229203374846e-07,
                -0.2360029501621414,
                0.9717523385692134
              ],
              "euler_angles_rad": [
                -1.745329054425467e-08,
                3.490658499556082e-07,
                -0.47650108732518287
              ],
              "euler_angles_deg": [
                -9.999998868013802e-07,
                1.9999999974603203e-05,
                -27.301501237127663
              ],
              "rotation_matrix": [
                [
                  0.8886052150294727,
                  0.45867283745860005,
                  3.1818708495618413e-07
                ],
                [
                  -0.4586728374585776,
                  0.8886052150295295,
                  -1.445979388619852e-07
                ],
                [
                  -3.490658499556011e-07,
                  -1.7453290544253606e-08,
                  0.9999999999999389
                ]
              ],
              "magnitude": 1.000000007196039
            }
          },
          {
            "bone_index": 0,
            "data": {
              "quaternion": [
                5.089785550302537e-09,
                7.837471932307916e-08,
                -0.06480515835264916,
                0.9978979363897301
              ],
              "euler_angles_rad": [
                8.014731824562042e-16,
                1.570796300723874e-07,
                -0.12970120951162933
              ],
              "euler_angles_deg": [
                4.592103074765908e-14,
                8.999999850624044e-06,
                -7.43133190275841
              ],
              "rotation_matrix": [
                [
                  0.9916005829017638,
                  0.12933786757503737,
                  1.5576025263811325e-07
                ],
                [
                  -0.12933786757503576,
                  0.9916005829017761,
                  -2.031634518777949e-08
                ],
                [
                  -1.5707963007238676e-07,
                  8.014731824561944e-16,
                  0.9999999999999877
                ]
              ],
              "magnitude": 0.9999999865747554
            }
          },
          {
            "bone_index": 1,
            "data": {
              "quaternion": [
                2.2331458845020404e-08,
                6.840907774821275e-08,
                -0.07049659480695175,
                0.9975120200381643
              ],
              "euler_angles_rad": [
                3.4906583175525184e-08,
                1.3962633827842658e-07,
                -0.1411102355155017
              ],
              "euler_angles_deg": [
                1.99999989317996e-06,
                7.999999892219775e-06,
                -8.085020941135303
              ],
              "rotation_matrix": [
                [
                  0.9900604602412396,
                  0.14064240138339187,
                  1.3332917105584404e-07
                ],
                [
                  -0.14064240138338577,
                  0.9900604602412479,
                  -5.4197011316056897e-08
                ],
                [
                  -1.3962633827842613e-07,
                  3.490658317552484e-08,
                  0.9999999999999897
                ]
              ],
              "magnitude": 1.000000022540346
            }
          },
          {
            "bone_index": 0,
            "data": {
              "quaternion": [
                -0.17499406982059756,
                0.10960613408029066,
                -0.2297178701322036,
                0.9511010835034945
              ],
              "euler_angles_rad": [
                -0.3967408118678001,
                0.12844740782314937,
                -0.49983302007876795
              ],
              "euler_angles_deg": [
                -22.73157408061875,
                7.359494357662132,
                -28.638322511791138
              ],
              "rotation_matrix": [
                [
                  0.8704323910277948,
                  0.39860898340568346,
                  0.28889155577469505
                ],
                [
                  -0.47533067732573214,
                  0.8332135513390957,
                  0.2825171234774148
                ],
                [
                  -0.12809449575487988,
                  -0.3832310741748112,
                  0.9147271417991943
                ]
              ],
              "magnitude": 0.999999980210844
            }
          },
          {
            "bone_index": 1,
            "data": {
              "quaternion": [
                -0.17571060744693973,
                0.10990802439603325,
                -0.23641540628412283,
                0.9492911904550161
              ],
              "euler_angles_rad": [
                -0.399161697732164,
                0.12592055136036476,
                -0.5136603940010436
              ],
              "euler_angles_deg": [
                -22.87028062332968,
                7.214716146909217,
                -29.430572679286787
              ],
              "rotation_matrix": [
                [
                  0.8640559636897481,
                  0.4102301134868824,
                  0.2917508279349353
                ],
                [
                  -0.4874781364065626,
                  0.8264670762042812,
                  0.2816331629548119
                ],
                [
                  -0.12558804934294215,
                  -0.38556896392070583,
                  0.9140920172079768
                ]
              ],
              "magnitude": 0.9999999780766806
            }
          }
        ],
        "positions": []
      },
      {
        "timestamp": "2025-08-04T05:01:20.908Z",
        "bone_count": 702,
        "quaternion_count": 8,
        "position_count": 0,
        "quaternions": [
          {
            "bone_index": 0,
            "data": {
              "quaternion": [
                -7.574534793016579e-10,
                1.6090961960505218e-07,
                -0.21233287186830305,
                0.9771973963965177
              ],
              "euler_angles_rad": [
                -6.981316641968747e-08,
                3.1415925812129375e-07,
                -0.4279233037589706
              ],
              "euler_angles_deg": [
                -3.9999997902925365e-06,
                1.7999999585311165e-05,
                -24.51819926068373
              ],
              "rotation_matrix": [
                [
                  0.9098295030482658,
                  0.414982259118202,
                  3.148025872115556e-07
                ],
                [
                  -0.41498225911820247,
                  0.9098295030483176,
                  -6.685244014822373e-08
                ],
                [
                  -3.1415925812128856e-07,
                  -6.981316641968398e-08,
                  0.9999999999999483
                ]
              ],
              "magnitude": 1.0000000125661712
            }
          },
          {
            "bone_index": 1,
            "data": {
              "quaternion": [
                2.4417341018179654e-11,
                1.6091139538416894e-07,
                -0.21707857794517268,
                0.9761541328075581
              ],
              "euler_angles_rad": [
                -6.981316359364699e-08,
                3.1415924820351113e-07,
                -0.43764136355244804
              ],
              "euler_angles_deg": [
                -3.9999996283723436e-06,
                1.7999999017064076e-05,
                -25.075003071905765
              ],
              "rotation_matrix": [
                [
                  0.9057537819945515,
                  0.4238043020103359,
                  3.1413804627684423e-07
                ],
                [
                  -0.4238043020103359,
                  0.9057537819946032,
                  -6.990850394703177e-08
                ],
                [
                  -3.1415924820350594e-07,
                  -6.981316359364349e-08,
                  0.9999999999999483
                ]
              ],
              "magnitude": 1.0000000161563478
            }
          },
          {
            "bone_index": 0,
            "data": {
              "quaternion": [
                2.016540119966576e-08,
                9.425596381472763e-08,
                -0.11981716399606188,
                0.9927959746150926
              ],
              "euler_angles_rad": [
                1.7453293727061187e-08,
                1.9198620528262952e-07,
                -0.24021143526055716
              ],
              "euler_angles_deg": [
                1.0000000691627607e-06,
                1.0999999287426902e-05,
                -13.763101431209932
              ],
              "rotation_matrix": [
                [
                  0.9712876944238639,
                  0.23790799621017708,
                  1.8232156055228137e-07
                ],
                [
                  -0.23790799621016948,
                  0.9712876944238809,
                  -6.262722282304525e-08
                ],
                [
                  -1.9198620528262833e-07,
                  1.7453293727060866e-08,
                  0.9999999999999815
                ]
              ],
              "magnitude": 1.0000000294153282
            }
          },
          {
            "bone_index": 1,
            "data": {
              "quaternion": [
                2.916355170429156e-08,
                9.310629464698607e-08,
                -0.12337980474656492,
                0.9923595234493847
              ],
              "euler_angles_rad": [
                3.49065836342826e-08,
                1.9198622300202708e-07,
                -0.24738999014798874
              ],
              "euler_angles_deg": [
                1.999999919464824e-06,
                1.1000000302673598e-05,
                -14.17440232926277
              ],
              "rotation_matrix": [
                [
                  0.9695548475613818,
                  0.24487424848316403,
                  1.775934497420585e-07
                ],
                [
                  -0.24487424848315315,
                  0.9695548475613973,
                  -8.085632945116709e-08
                ],
                [
                  -1.919862230020259e-07,
                  3.4906583634281954e-08,
                  0.999999999999981
                ]
              ],
              "magnitude": 0.999999995521217
            }
          },
          {
            "bone_index": 0,
            "data": {
              "quaternion": [
                -0.0007173672285109651,
                -0.002109313873784221,
                -0.32193440571677223,
                0.9467593541101297
              ],
